x_i          u_i       Analitic sol  f_i 
0.000999   0.008941    0.008941   99.005972 
0.001998   0.017784    0.017784   98.021826 
0.002997   0.026528    0.026529   97.047462 
0.003996   0.035176    0.035176   96.082783 
0.004995   0.043728    0.043728   95.127694 
0.005994   0.052185    0.052185   94.182098 
0.006993   0.060548    0.060548   93.245902 
0.007992   0.068818    0.068818   92.319012 
0.008991   0.076995    0.076996   91.401336 
0.009990   0.085082    0.085083   90.492782 
0.010989   0.093078    0.093079   89.593258 
0.011988   0.100985    0.100986   88.702677 
0.012987   0.108803    0.108804   87.820948 
0.013986   0.116534    0.116535   86.947983 
0.014985   0.124178    0.124179   86.083696 
0.015984   0.131736    0.131737   85.228001 
0.016983   0.139208    0.139210   84.380811 
0.017982   0.146597    0.146598   83.542042 
0.018981   0.153902    0.153904   82.711611 
0.019980   0.161125    0.161127   81.889435 
0.020979   0.168266    0.168268   81.075432 
0.021978   0.175326    0.175328   80.269520 
0.022977   0.182306    0.182308   79.471618 
0.023976   0.189207    0.189209   78.681649 
0.024975   0.196029    0.196031   77.899531 
0.025974   0.202774    0.202775   77.125188 
0.026973   0.209441    0.209443   76.358543 
0.027972   0.216032    0.216034   75.599518 
0.028971   0.222548    0.222550   74.848038 
0.029970   0.228989    0.228991   74.104028 
0.030969   0.235356    0.235358   73.367413 
0.031968   0.241650    0.241652   72.638121 
0.032967   0.247872    0.247874   71.916078 
0.033966   0.254021    0.254023   71.201212 
0.034965   0.260100    0.260102   70.493453 
0.035964   0.266108    0.266110   69.792728 
0.036963   0.272047    0.272049   69.098969 
0.037962   0.277916    0.277919   68.412107 
0.038961   0.283718    0.283720   67.732071 
0.039960   0.289451    0.289454   67.058796 
0.040959   0.295118    0.295121   66.392213 
0.041958   0.300719    0.300721   65.732256 
0.042957   0.306254    0.306256   65.078859 
0.043956   0.311724    0.311726   64.431958 
0.044955   0.317129    0.317132   63.791486 
0.045954   0.322472    0.322474   63.157381 
0.046953   0.327751    0.327753   62.529579 
0.047952   0.332967    0.332970   61.908018 
0.048951   0.338122    0.338125   61.292635 
0.049950   0.343216    0.343219   60.683370 
0.050949   0.348249    0.348252   60.080160 
0.051948   0.353222    0.353225   59.482947 
0.052947   0.358136    0.358139   58.891670 
0.053946   0.362991    0.362994   58.306271 
0.054945   0.367787    0.367791   57.726690 
0.055944   0.372527    0.372530   57.152871 
0.056943   0.377209    0.377212   56.584756 
0.057942   0.381835    0.381838   56.022288 
0.058941   0.386404    0.386408   55.465411 
0.059940   0.390919    0.390922   54.914069 
0.060939   0.395378    0.395382   54.368208 
0.061938   0.399784    0.399787   53.827773 
0.062937   0.404135    0.404139   53.292710 
0.063936   0.408434    0.408437   52.762966 
0.064935   0.412680    0.412683   52.238488 
0.065934   0.416873    0.416877   51.719223 
0.066933   0.421015    0.421019   51.205119 
0.067932   0.425106    0.425110   50.696126 
0.068931   0.429147    0.429150   50.192193 
0.069930   0.433137    0.433140   49.693269 
0.070929   0.437077    0.437081   49.199304 
0.071928   0.440969    0.440973   48.710249 
0.072927   0.444812    0.444816   48.226056 
0.073926   0.448607    0.448611   47.746676 
0.074925   0.452354    0.452358   47.272061 
0.075924   0.456054    0.456058   46.802163 
0.076923   0.459707    0.459711   46.336937 
0.077922   0.463314    0.463318   45.876335 
0.078921   0.466876    0.466879   45.420312 
0.079920   0.470391    0.470395   44.968821 
0.080919   0.473862    0.473866   44.521819 
0.081918   0.477289    0.477293   44.079260 
0.082917   0.480672    0.480676   43.641100 
0.083916   0.484011    0.484015   43.207295 
0.084915   0.487307    0.487311   42.777803 
0.085914   0.490560    0.490564   42.352579 
0.086913   0.493771    0.493775   41.931583 
0.087912   0.496940    0.496944   41.514772 
0.088911   0.500068    0.500072   41.102103 
0.089910   0.503154    0.503159   40.693537 
0.090909   0.506201    0.506205   40.289032 
0.091908   0.509206    0.509211   39.888548 
0.092907   0.512172    0.512177   39.492045 
0.093906   0.515099    0.515103   39.099483 
0.094905   0.517987    0.517991   38.710823 
0.095904   0.520836    0.520840   38.326027 
0.096903   0.523646    0.523651   37.945056 
0.097902   0.526419    0.526424   37.567872 
0.098901   0.529155    0.529159   37.194437 
0.099900   0.531853    0.531857   36.824714 
0.100899   0.534514    0.534519   36.458666 
0.101898   0.537139    0.537144   36.096257 
0.102897   0.539729    0.539733   35.737450 
0.103896   0.542282    0.542287   35.382210 
0.104895   0.544800    0.544805   35.030501 
0.105894   0.547283    0.547288   34.682288 
0.106893   0.549732    0.549736   34.337537 
0.107892   0.552146    0.552151   33.996212 
0.108891   0.554526    0.554531   33.658280 
0.109890   0.556873    0.556878   33.323708 
0.110889   0.559187    0.559191   32.992461 
0.111888   0.561467    0.561472   32.664507 
0.112887   0.563715    0.563720   32.339813 
0.113886   0.565931    0.565936   32.018346 
0.114885   0.568115    0.568119   31.700075 
0.115884   0.570267    0.570271   31.384967 
0.116883   0.572388    0.572392   31.072992 
0.117882   0.574477    0.574482   30.764118 
0.118881   0.576536    0.576541   30.458314 
0.119880   0.578565    0.578570   30.155550 
0.120879   0.580564    0.580568   29.855796 
0.121878   0.582532    0.582537   29.559021 
0.122877   0.584472    0.584476   29.265196 
0.123876   0.586382    0.586387   28.974292 
0.124875   0.588263    0.588268   28.686279 
0.125874   0.590115    0.590120   28.401130 
0.126873   0.591940    0.591944   28.118815 
0.127872   0.593736    0.593741   27.839306 
0.128871   0.595504    0.595509   27.562576 
0.129870   0.597245    0.597250   27.288596 
0.130869   0.598958    0.598963   27.017340 
0.131868   0.600645    0.600650   26.748780 
0.132867   0.602305    0.602310   26.482890 
0.133866   0.603938    0.603944   26.219643 
0.134865   0.605546    0.605551   25.959012 
0.135864   0.607127    0.607132   25.700972 
0.136863   0.608683    0.608688   25.445498 
0.137862   0.610213    0.610218   25.192562 
0.138861   0.611719    0.611724   24.942141 
0.139860   0.613199    0.613204   24.694210 
0.140859   0.614655    0.614660   24.448742 
0.141858   0.616086    0.616091   24.205715 
0.142857   0.617493    0.617498   23.965104 
0.143856   0.618876    0.618882   23.726884 
0.144855   0.620236    0.620241   23.491032 
0.145854   0.621572    0.621577   23.257525 
0.146853   0.622885    0.622890   23.026339 
0.147852   0.624175    0.624180   22.797450 
0.148851   0.625442    0.625447   22.570838 
0.149850   0.626687    0.626692   22.346477 
0.150849   0.627909    0.627914   22.124347 
0.151848   0.629109    0.629114   21.904425 
0.152847   0.630288    0.630293   21.686689 
0.153846   0.631444    0.631450   21.471117 
0.154845   0.632580    0.632585   21.257688 
0.155844   0.633694    0.633699   21.046381 
0.156843   0.634787    0.634792   20.837174 
0.157842   0.635859    0.635865   20.630047 
0.158841   0.636911    0.636916   20.424979 
0.159840   0.637942    0.637948   20.221949 
0.160839   0.638953    0.638959   20.020937 
0.161838   0.639945    0.639950   19.821923 
0.162837   0.640916    0.640921   19.624888 
0.163836   0.641868    0.641873   19.429811 
0.164835   0.642800    0.642806   19.236674 
0.165834   0.643713    0.643719   19.045456 
0.166833   0.644608    0.644613   18.856139 
0.167832   0.645483    0.645488   18.668703 
0.168831   0.646340    0.646345   18.483131 
0.169830   0.647178    0.647184   18.299404 
0.170829   0.647998    0.648004   18.117503 
0.171828   0.648800    0.648806   17.937410 
0.172827   0.649584    0.649590   17.759107 
0.173826   0.650351    0.650356   17.582577 
0.174825   0.651099    0.651105   17.407801 
0.175824   0.651831    0.651836   17.234763 
0.176823   0.652545    0.652550   17.063444 
0.177822   0.653242    0.653248   16.893829 
0.178821   0.653923    0.653928   16.725900 
0.179820   0.654586    0.654592   16.559640 
0.180819   0.655233    0.655239   16.395032 
0.181818   0.655864    0.655869   16.232061 
0.182817   0.656479    0.656484   16.070710 
0.183816   0.657077    0.657083   15.910963 
0.184815   0.657660    0.657665   15.752803 
0.185814   0.658227    0.658232   15.596216 
0.186813   0.658778    0.658783   15.441185 
0.187812   0.659314    0.659319   15.287696 
0.188811   0.659835    0.659840   15.135732 
0.189810   0.660340    0.660346   14.985279 
0.190809   0.660831    0.660836   14.836321 
0.191808   0.661307    0.661312   14.688844 
0.192807   0.661768    0.661773   14.542832 
0.193806   0.662214    0.662220   14.398273 
0.194805   0.662647    0.662652   14.255150 
0.195804   0.663065    0.663070   14.113450 
0.196803   0.663469    0.663474   13.973158 
0.197802   0.663859    0.663864   13.834261 
0.198801   0.664235    0.664240   13.696745 
0.199800   0.664597    0.664603   13.560595 
0.200799   0.664946    0.664952   13.425799 
0.201798   0.665282    0.665288   13.292343 
0.202797   0.665604    0.665610   13.160214 
0.203796   0.665914    0.665919   13.029397 
0.204795   0.666210    0.666215   12.899882 
0.205794   0.666493    0.666499   12.771653 
0.206793   0.666764    0.666769   12.644700 
0.207792   0.667022    0.667027   12.519008 
0.208791   0.667267    0.667273   12.394565 
0.209790   0.667500    0.667506   12.271360 
0.210789   0.667721    0.667727   12.149379 
0.211788   0.667930    0.667935   12.028611 
0.212787   0.668126    0.668132   11.909043 
0.213786   0.668311    0.668317   11.790664 
0.214785   0.668484    0.668490   11.673462 
0.215784   0.668646    0.668651   11.557424 
0.216783   0.668796    0.668801   11.442540 
0.217782   0.668934    0.668940   11.328798 
0.218781   0.669061    0.669067   11.216187 
0.219780   0.669177    0.669183   11.104695 
0.220779   0.669282    0.669288   10.994311 
0.221778   0.669376    0.669382   10.885025 
0.222777   0.669459    0.669465   10.776825 
0.223776   0.669531    0.669537   10.669700 
0.224775   0.669593    0.669599   10.563640 
0.225774   0.669644    0.669650   10.458635 
0.226773   0.669685    0.669690   10.354673 
0.227772   0.669715    0.669721   10.251745 
0.228771   0.669735    0.669741   10.149840 
0.229770   0.669745    0.669751   10.048947 
0.230769   0.669745    0.669751   9.949058 
0.231768   0.669735    0.669741   9.850162 
0.232767   0.669715    0.669721   9.752248 
0.233766   0.669686    0.669691   9.655308 
0.234765   0.669647    0.669652   9.559332 
0.235764   0.669598    0.669603   9.464309 
0.236763   0.669540    0.669545   9.370232 
0.237762   0.669472    0.669478   9.277089 
0.238761   0.669395    0.669401   9.184872 
0.239760   0.669309    0.669315   9.093572 
0.240759   0.669214    0.669220   9.003179 
0.241758   0.669110    0.669116   8.913685 
0.242757   0.668997    0.669003   8.825081 
0.243756   0.668876    0.668881   8.737357 
0.244755   0.668745    0.668751   8.650505 
0.245754   0.668606    0.668612   8.564517 
0.246753   0.668459    0.668464   8.479383 
0.247752   0.668302    0.668308   8.395096 
0.248751   0.668138    0.668144   8.311646 
0.249750   0.667965    0.667971   8.229026 
0.250749   0.667784    0.667790   8.147227 
0.251748   0.667595    0.667601   8.066242 
0.252747   0.667398    0.667404   7.986061 
0.253746   0.667193    0.667198   7.906677 
0.254745   0.666980    0.666985   7.828083 
0.255744   0.666759    0.666765   7.750270 
0.256743   0.666531    0.666536   7.673230 
0.257742   0.666294    0.666300   7.596956 
0.258741   0.666051    0.666056   7.521440 
0.259740   0.665799    0.665805   7.446675 
0.260739   0.665541    0.665546   7.372653 
0.261738   0.665274    0.665280   7.299367 
0.262737   0.665001    0.665007   7.226809 
0.263736   0.664720    0.664726   7.154972 
0.264735   0.664433    0.664438   7.083850 
0.265734   0.664138    0.664143   7.013435 
0.266733   0.663836    0.663842   6.943719 
0.267732   0.663527    0.663533   6.874697 
0.268731   0.663212    0.663217   6.806360 
0.269730   0.662889    0.662895   6.738703 
0.270729   0.662560    0.662566   6.671719 
0.271728   0.662225    0.662230   6.605400 
0.272727   0.661882    0.661888   6.539740 
0.273726   0.661533    0.661539   6.474734 
0.274725   0.661178    0.661183   6.410373 
0.275724   0.660816    0.660822   6.346652 
0.276723   0.660448    0.660454   6.283565 
0.277722   0.660074    0.660079   6.221104 
0.278721   0.659693    0.659699   6.159265 
0.279720   0.659307    0.659312   6.098040 
0.280719   0.658914    0.658919   6.037424 
0.281718   0.658515    0.658520   5.977410 
0.282717   0.658110    0.658116   5.917993 
0.283716   0.657699    0.657705   5.859166 
0.284715   0.657283    0.657288   5.800925 
0.285714   0.656861    0.656866   5.743262 
0.286713   0.656433    0.656438   5.686172 
0.287712   0.655999    0.656004   5.629650 
0.288711   0.655559    0.655565   5.573690 
0.289710   0.655115    0.655120   5.518286 
0.290709   0.654664    0.654670   5.463433 
0.291708   0.654208    0.654214   5.409125 
0.292707   0.653747    0.653752   5.355356 
0.293706   0.653280    0.653286   5.302123 
0.294705   0.652808    0.652814   5.249418 
0.295704   0.652331    0.652337   5.197237 
0.296703   0.651849    0.651854   5.145575 
0.297702   0.651362    0.651367   5.094427 
0.298701   0.650869    0.650874   5.043787 
0.299700   0.650371    0.650377   4.993650 
0.300699   0.649869    0.649874   4.944012 
0.301698   0.649361    0.649367   4.894867 
0.302697   0.648849    0.648854   4.846211 
0.303696   0.648332    0.648337   4.798038 
0.304695   0.647810    0.647815   4.750344 
0.305694   0.647283    0.647288   4.703125 
0.306693   0.646751    0.646757   4.656374 
0.307692   0.646215    0.646221   4.610089 
0.308691   0.645675    0.645680   4.564263 
0.309690   0.645129    0.645135   4.518893 
0.310689   0.644580    0.644585   4.473974 
0.311688   0.644025    0.644031   4.429502 
0.312687   0.643467    0.643472   4.385471 
0.313686   0.642904    0.642909   4.341878 
0.314685   0.642336    0.642342   4.298719 
0.315684   0.641765    0.641770   4.255988 
0.316683   0.641189    0.641194   4.213683 
0.317682   0.640609    0.640614   4.171798 
0.318681   0.640025    0.640030   4.130329 
0.319680   0.639436    0.639441   4.089272 
0.320679   0.638844    0.638849   4.048624 
0.321678   0.638247    0.638252   4.008379 
0.322677   0.637647    0.637652   3.968535 
0.323676   0.637042    0.637048   3.929086 
0.324675   0.636434    0.636439   3.890030 
0.325674   0.635822    0.635827   3.851362 
0.326673   0.635205    0.635211   3.813079 
0.327672   0.634586    0.634591   3.775176 
0.328671   0.633962    0.633967   3.737649 
0.329670   0.633334    0.633340   3.700496 
0.330669   0.632703    0.632709   3.663712 
0.331668   0.632069    0.632074   3.627294 
0.332667   0.631430    0.631435   3.591238 
0.333666   0.630788    0.630793   3.555540 
0.334665   0.630143    0.630148   3.520197 
0.335664   0.629494    0.629499   3.485205 
0.336663   0.628841    0.628846   3.450561 
0.337662   0.628185    0.628190   3.416261 
0.338661   0.627526    0.627531   3.382303 
0.339660   0.626863    0.626868   3.348682 
0.340659   0.626197    0.626202   3.315395 
0.341658   0.625528    0.625533   3.282439 
0.342657   0.624855    0.624860   3.249811 
0.343656   0.624179    0.624184   3.217507 
0.344655   0.623500    0.623505   3.185524 
0.345654   0.622818    0.622823   3.153859 
0.346653   0.622132    0.622137   3.122509 
0.347652   0.621444    0.621449   3.091470 
0.348651   0.620752    0.620757   3.060740 
0.349650   0.620057    0.620062   3.030315 
0.350649   0.619359    0.619365   3.000193 
0.351648   0.618659    0.618664   2.970370 
0.352647   0.617955    0.617960   2.940844 
0.353646   0.617248    0.617254   2.911611 
0.354645   0.616539    0.616544   2.882669 
0.355644   0.615827    0.615832   2.854015 
0.356643   0.615111    0.615116   2.825645 
0.357642   0.614393    0.614398   2.797557 
0.358641   0.613672    0.613677   2.769749 
0.359640   0.612949    0.612954   2.742217 
0.360639   0.612222    0.612227   2.714958 
0.361638   0.611493    0.611498   2.687971 
0.362637   0.610762    0.610767   2.661252 
0.363636   0.610027    0.610032   2.634798 
0.364635   0.609290    0.609295   2.608607 
0.365634   0.608550    0.608555   2.582677 
0.366633   0.607808    0.607813   2.557005 
0.367632   0.607063    0.607068   2.531587 
0.368631   0.606316    0.606321   2.506423 
0.369630   0.605566    0.605571   2.481508 
0.370629   0.604814    0.604819   2.456841 
0.371628   0.604059    0.604064   2.432420 
0.372627   0.603302    0.603307   2.408241 
0.373626   0.602543    0.602548   2.384302 
0.374625   0.601781    0.601786   2.360601 
0.375624   0.601016    0.601021   2.337136 
0.376623   0.600250    0.600255   2.313905 
0.377622   0.599481    0.599486   2.290904 
0.378621   0.598710    0.598714   2.268132 
0.379620   0.597936    0.597941   2.245586 
0.380619   0.597160    0.597165   2.223264 
0.381618   0.596382    0.596387   2.201164 
0.382617   0.595602    0.595607   2.179284 
0.383616   0.594820    0.594825   2.157621 
0.384615   0.594035    0.594040   2.136174 
0.385614   0.593249    0.593254   2.114940 
0.386613   0.592460    0.592465   2.093917 
0.387612   0.591669    0.591674   2.073103 
0.388611   0.590876    0.590881   2.052495 
0.389610   0.590081    0.590086   2.032093 
0.390609   0.589285    0.589289   2.011893 
0.391608   0.588486    0.588490   1.991895 
0.392607   0.587685    0.587689   1.972095 
0.393606   0.586882    0.586887   1.952492 
0.394605   0.586077    0.586082   1.933083 
0.395604   0.585270    0.585275   1.913868 
0.396603   0.584461    0.584466   1.894843 
0.397602   0.583651    0.583656   1.876008 
0.398601   0.582838    0.582843   1.857360 
0.399600   0.582024    0.582029   1.838897 
0.400599   0.581208    0.581213   1.820618 
0.401598   0.580390    0.580395   1.802521 
0.402597   0.579570    0.579575   1.784603 
0.403596   0.578748    0.578753   1.766864 
0.404595   0.577925    0.577930   1.749301 
0.405594   0.577100    0.577105   1.731912 
0.406593   0.576273    0.576278   1.714697 
0.407592   0.575445    0.575450   1.697652 
0.408591   0.574615    0.574619   1.680777 
0.409590   0.573783    0.573787   1.664069 
0.410589   0.572949    0.572954   1.647528 
0.411588   0.572114    0.572119   1.631151 
0.412587   0.571277    0.571282   1.614937 
0.413586   0.570439    0.570444   1.598884 
0.414585   0.569599    0.569603   1.582991 
0.415584   0.568757    0.568762   1.567256 
0.416583   0.567914    0.567919   1.551677 
0.417582   0.567069    0.567074   1.536253 
0.418581   0.566223    0.566228   1.520982 
0.419580   0.565375    0.565380   1.505863 
0.420579   0.564526    0.564531   1.490894 
0.421578   0.563675    0.563680   1.476074 
0.422577   0.562823    0.562828   1.461402 
0.423576   0.561969    0.561974   1.446875 
0.424575   0.561114    0.561119   1.432493 
0.425574   0.560258    0.560262   1.418253 
0.426573   0.559400    0.559404   1.404155 
0.427572   0.558540    0.558545   1.390198 
0.428571   0.557680    0.557684   1.376379 
0.429570   0.556817    0.556822   1.362697 
0.430569   0.555954    0.555959   1.349152 
0.431568   0.555089    0.555094   1.335741 
0.432567   0.554223    0.554228   1.322463 
0.433566   0.553355    0.553360   1.309317 
0.434565   0.552487    0.552491   1.296302 
0.435564   0.551617    0.551621   1.283417 
0.436563   0.550745    0.550750   1.270659 
0.437562   0.549873    0.549877   1.258028 
0.438561   0.548999    0.549003   1.245523 
0.439560   0.548124    0.548128   1.233143 
0.440559   0.547247    0.547252   1.220885 
0.441558   0.546370    0.546374   1.208749 
0.442557   0.545491    0.545495   1.196733 
0.443556   0.544611    0.544615   1.184838 
0.444555   0.543730    0.543734   1.173060 
0.445554   0.542847    0.542852   1.161399 
0.446553   0.541964    0.541968   1.149855 
0.447552   0.541079    0.541084   1.138425 
0.448551   0.540193    0.540198   1.127109 
0.449550   0.539306    0.539311   1.115905 
0.450549   0.538418    0.538423   1.104813 
0.451548   0.537529    0.537534   1.093830 
0.452547   0.536639    0.536644   1.082957 
0.453546   0.535748    0.535752   1.072193 
0.454545   0.534855    0.534860   1.061535 
0.455544   0.533962    0.533966   1.050983 
0.456543   0.533067    0.533072   1.040536 
0.457542   0.532172    0.532176   1.030192 
0.458541   0.531275    0.531280   1.019952 
0.459540   0.530378    0.530382   1.009813 
0.460539   0.529479    0.529484   0.999776 
0.461538   0.528580    0.528584   0.989838 
0.462537   0.527679    0.527684   0.979998 
0.463536   0.526778    0.526782   0.970257 
0.464535   0.525875    0.525880   0.960612 
0.465534   0.524972    0.524976   0.951063 
0.466533   0.524067    0.524072   0.941610 
0.467532   0.523162    0.523166   0.932250 
0.468531   0.522256    0.522260   0.922983 
0.469530   0.521348    0.521353   0.913808 
0.470529   0.520440    0.520445   0.904725 
0.471528   0.519531    0.519536   0.895732 
0.472527   0.518621    0.518626   0.886828 
0.473526   0.517711    0.517715   0.878012 
0.474525   0.516799    0.516803   0.869285 
0.475524   0.515886    0.515891   0.860644 
0.476523   0.514973    0.514977   0.852089 
0.477522   0.514059    0.514063   0.843619 
0.478521   0.513144    0.513148   0.835233 
0.479520   0.512228    0.512232   0.826931 
0.480519   0.511311    0.511315   0.818711 
0.481518   0.510393    0.510398   0.810572 
0.482517   0.509475    0.509479   0.802515 
0.483516   0.508556    0.508560   0.794538 
0.484515   0.507636    0.507640   0.786640 
0.485514   0.506715    0.506719   0.778821 
0.486513   0.505794    0.505798   0.771079 
0.487512   0.504871    0.504876   0.763414 
0.488511   0.503948    0.503952   0.755826 
0.489510   0.503024    0.503029   0.748312 
0.490509   0.502100    0.502104   0.740874 
0.491508   0.501175    0.501179   0.733510 
0.492507   0.500249    0.500253   0.726218 
0.493506   0.499322    0.499326   0.718999 
0.494505   0.498394    0.498398   0.711852 
0.495504   0.497466    0.497470   0.704776 
0.496503   0.496537    0.496541   0.697771 
0.497502   0.495608    0.495612   0.690835 
0.498501   0.494677    0.494681   0.683968 
0.499500   0.493746    0.493750   0.677169 
0.500500   0.492815    0.492819   0.670437 
0.501499   0.491882    0.491887   0.663773 
0.502498   0.490949    0.490954   0.657175 
0.503497   0.490016    0.490020   0.650643 
0.504496   0.489082    0.489086   0.644175 
0.505495   0.488147    0.488151   0.637772 
0.506494   0.487211    0.487215   0.631432 
0.507493   0.486275    0.486279   0.625155 
0.508492   0.485338    0.485342   0.618941 
0.509491   0.484401    0.484405   0.612789 
0.510490   0.483463    0.483467   0.606698 
0.511489   0.482524    0.482528   0.600667 
0.512488   0.481585    0.481589   0.594696 
0.513487   0.480645    0.480649   0.588785 
0.514486   0.479705    0.479709   0.582932 
0.515485   0.478764    0.478768   0.577137 
0.516484   0.477822    0.477826   0.571400 
0.517483   0.476880    0.476884   0.565721 
0.518482   0.475937    0.475941   0.560097 
0.519481   0.474994    0.474998   0.554530 
0.520480   0.474050    0.474054   0.549017 
0.521479   0.473106    0.473110   0.543560 
0.522478   0.472161    0.472165   0.538157 
0.523477   0.471215    0.471219   0.532808 
0.524476   0.470269    0.470273   0.527511 
0.525475   0.469323    0.469327   0.522268 
0.526474   0.468376    0.468380   0.517076 
0.527473   0.467428    0.467432   0.511936 
0.528472   0.466480    0.466484   0.506848 
0.529471   0.465532    0.465535   0.501809 
0.530470   0.464582    0.464586   0.496821 
0.531469   0.463633    0.463637   0.491883 
0.532468   0.462683    0.462687   0.486993 
0.533467   0.461732    0.461736   0.482152 
0.534466   0.460781    0.460785   0.477360 
0.535465   0.459830    0.459834   0.472615 
0.536464   0.458878    0.458882   0.467917 
0.537463   0.457925    0.457929   0.463265 
0.538462   0.456973    0.456976   0.458660 
0.539461   0.456019    0.456023   0.454101 
0.540460   0.455065    0.455069   0.449587 
0.541459   0.454111    0.454115   0.445118 
0.542458   0.453156    0.453160   0.440694 
0.543457   0.452201    0.452205   0.436313 
0.544456   0.451246    0.451249   0.431976 
0.545455   0.450290    0.450293   0.427682 
0.546454   0.449333    0.449337   0.423431 
0.547453   0.448376    0.448380   0.419222 
0.548452   0.447419    0.447423   0.415055 
0.549451   0.446461    0.446465   0.410929 
0.550450   0.445503    0.445507   0.406844 
0.551449   0.444545    0.444548   0.402800 
0.552448   0.443586    0.443590   0.398796 
0.553447   0.442627    0.442630   0.394832 
0.554446   0.441667    0.441671   0.390907 
0.555445   0.440707    0.440710   0.387021 
0.556444   0.439746    0.439750   0.383174 
0.557443   0.438785    0.438789   0.379365 
0.558442   0.437824    0.437828   0.375594 
0.559441   0.436863    0.436866   0.371861 
0.560440   0.435901    0.435904   0.368165 
0.561439   0.434938    0.434942   0.364505 
0.562438   0.433976    0.433979   0.360882 
0.563437   0.433012    0.433016   0.357294 
0.564436   0.432049    0.432053   0.353743 
0.565435   0.431085    0.431089   0.350226 
0.566434   0.430121    0.430125   0.346745 
0.567433   0.429157    0.429160   0.343298 
0.568432   0.428192    0.428195   0.339886 
0.569431   0.427227    0.427230   0.336507 
0.570430   0.426261    0.426265   0.333162 
0.571429   0.425295    0.425299   0.329851 
0.572428   0.424329    0.424333   0.326572 
0.573427   0.423363    0.423366   0.323326 
0.574426   0.422396    0.422399   0.320112 
0.575425   0.421429    0.421432   0.316930 
0.576424   0.420461    0.420465   0.313779 
0.577423   0.419494    0.419497   0.310660 
0.578422   0.418525    0.418529   0.307572 
0.579421   0.417557    0.417561   0.304515 
0.580420   0.416588    0.416592   0.301488 
0.581419   0.415619    0.415623   0.298491 
0.582418   0.414650    0.414654   0.295524 
0.583417   0.413681    0.413684   0.292586 
0.584416   0.412711    0.412714   0.289678 
0.585415   0.411741    0.411744   0.286798 
0.586414   0.410770    0.410774   0.283948 
0.587413   0.409799    0.409803   0.281125 
0.588412   0.408828    0.408832   0.278331 
0.589411   0.407857    0.407861   0.275564 
0.590410   0.406886    0.406889   0.272825 
0.591409   0.405914    0.405917   0.270113 
0.592408   0.404942    0.404945   0.267428 
0.593407   0.403969    0.403973   0.264769 
0.594406   0.402997    0.403000   0.262138 
0.595405   0.402024    0.402027   0.259532 
0.596404   0.401051    0.401054   0.256952 
0.597403   0.400077    0.400081   0.254398 
0.598402   0.399104    0.399107   0.251869 
0.599401   0.398130    0.398133   0.249365 
0.600400   0.397155    0.397159   0.246887 
0.601399   0.396181    0.396184   0.244433 
0.602398   0.395206    0.395210   0.242003 
0.603397   0.394232    0.394235   0.239597 
0.604396   0.393256    0.393260   0.237216 
0.605395   0.392281    0.392284   0.234858 
0.606394   0.391305    0.391309   0.232523 
0.607393   0.390330    0.390333   0.230212 
0.608392   0.389354    0.389357   0.227923 
0.609391   0.388377    0.388380   0.225658 
0.610390   0.387401    0.387404   0.223415 
0.611389   0.386424    0.386427   0.221194 
0.612388   0.385447    0.385450   0.218995 
0.613387   0.384470    0.384473   0.216818 
0.614386   0.383492    0.383496   0.214663 
0.615385   0.382515    0.382518   0.212529 
0.616384   0.381537    0.381540   0.210417 
0.617383   0.380559    0.380562   0.208325 
0.618382   0.379581    0.379584   0.206254 
0.619381   0.378602    0.378605   0.204204 
0.620380   0.377624    0.377627   0.202174 
0.621379   0.376645    0.376648   0.200164 
0.622378   0.375666    0.375669   0.198175 
0.623377   0.374687    0.374690   0.196205 
0.624376   0.373707    0.373710   0.194255 
0.625375   0.372727    0.372731   0.192324 
0.626374   0.371748    0.371751   0.190412 
0.627373   0.370768    0.370771   0.188519 
0.628372   0.369787    0.369790   0.186645 
0.629371   0.368807    0.368810   0.184790 
0.630370   0.367826    0.367829   0.182953 
0.631369   0.366846    0.366849   0.181134 
0.632368   0.365865    0.365868   0.179334 
0.633367   0.364884    0.364887   0.177551 
0.634366   0.363902    0.363905   0.175786 
0.635365   0.362921    0.362924   0.174039 
0.636364   0.361939    0.361942   0.172309 
0.637363   0.360957    0.360960   0.170596 
0.638362   0.359975    0.359978   0.168900 
0.639361   0.358993    0.358996   0.167221 
0.640360   0.358011    0.358014   0.165559 
0.641359   0.357028    0.357031   0.163914 
0.642358   0.356046    0.356049   0.162284 
0.643357   0.355063    0.355066   0.160671 
0.644356   0.354080    0.354083   0.159074 
0.645355   0.353097    0.353100   0.157493 
0.646354   0.352113    0.352116   0.155927 
0.647353   0.351130    0.351133   0.154377 
0.648352   0.350146    0.350149   0.152843 
0.649351   0.349163    0.349166   0.151323 
0.650350   0.348179    0.348182   0.149819 
0.651349   0.347195    0.347198   0.148330 
0.652348   0.346211    0.346213   0.146855 
0.653347   0.345226    0.345229   0.145396 
0.654346   0.344242    0.344245   0.143950 
0.655345   0.343257    0.343260   0.142520 
0.656344   0.342272    0.342275   0.141103 
0.657343   0.341287    0.341290   0.139700 
0.658342   0.340302    0.340305   0.138312 
0.659341   0.339317    0.339320   0.136937 
0.660340   0.338332    0.338335   0.135576 
0.661339   0.337346    0.337349   0.134228 
0.662338   0.336361    0.336363   0.132894 
0.663337   0.335375    0.335378   0.131573 
0.664336   0.334389    0.334392   0.130265 
0.665335   0.333403    0.333406   0.128970 
0.666334   0.332417    0.332420   0.127688 
0.667333   0.331431    0.331433   0.126419 
0.668332   0.330444    0.330447   0.125162 
0.669331   0.329458    0.329461   0.123918 
0.670330   0.328471    0.328474   0.122686 
0.671329   0.327484    0.327487   0.121467 
0.672328   0.326498    0.326500   0.120259 
0.673327   0.325511    0.325513   0.119064 
0.674326   0.324523    0.324526   0.117880 
0.675325   0.323536    0.323539   0.116708 
0.676324   0.322549    0.322552   0.115548 
0.677323   0.321561    0.321564   0.114400 
0.678322   0.320574    0.320576   0.113263 
0.679321   0.319586    0.319589   0.112137 
0.680320   0.318598    0.318601   0.111022 
0.681319   0.317610    0.317613   0.109918 
0.682318   0.316622    0.316625   0.108826 
0.683317   0.315634    0.315637   0.107744 
0.684316   0.314646    0.314649   0.106673 
0.685315   0.313658    0.313660   0.105613 
0.686314   0.312669    0.312672   0.104563 
0.687313   0.311681    0.311683   0.103523 
0.688312   0.310692    0.310695   0.102494 
0.689311   0.309703    0.309706   0.101476 
0.690310   0.308714    0.308717   0.100467 
0.691309   0.307725    0.307728   0.099468 
0.692308   0.306736    0.306739   0.098480 
0.693307   0.305747    0.305750   0.097501 
0.694306   0.304758    0.304761   0.096531 
0.695305   0.303769    0.303771   0.095572 
0.696304   0.302779    0.302782   0.094622 
0.697303   0.301790    0.301792   0.093681 
0.698302   0.300800    0.300803   0.092750 
0.699301   0.299810    0.299813   0.091828 
0.700300   0.298820    0.298823   0.090915 
0.701299   0.297831    0.297833   0.090012 
0.702298   0.296841    0.296843   0.089117 
0.703297   0.295850    0.295853   0.088231 
0.704296   0.294860    0.294863   0.087354 
0.705295   0.293870    0.293872   0.086486 
0.706294   0.292880    0.292882   0.085626 
0.707293   0.291889    0.291892   0.084775 
0.708292   0.290899    0.290901   0.083932 
0.709291   0.289908    0.289911   0.083098 
0.710290   0.288917    0.288920   0.082272 
0.711289   0.287927    0.287929   0.081454 
0.712288   0.286936    0.286938   0.080644 
0.713287   0.285945    0.285947   0.079843 
0.714286   0.284954    0.284956   0.079049 
0.715285   0.283963    0.283965   0.078263 
0.716284   0.282972    0.282974   0.077485 
0.717283   0.281980    0.281983   0.076715 
0.718282   0.280989    0.280991   0.075953 
0.719281   0.279998    0.280000   0.075198 
0.720280   0.279006    0.279008   0.074450 
0.721279   0.278015    0.278017   0.073710 
0.722278   0.277023    0.277025   0.072977 
0.723277   0.276031    0.276034   0.072252 
0.724276   0.275040    0.275042   0.071534 
0.725275   0.274048    0.274050   0.070823 
0.726274   0.273056    0.273058   0.070119 
0.727273   0.272064    0.272066   0.069422 
0.728272   0.271072    0.271074   0.068732 
0.729271   0.270080    0.270082   0.068048 
0.730270   0.269087    0.269090   0.067372 
0.731269   0.268095    0.268097   0.066702 
0.732268   0.267103    0.267105   0.066039 
0.733267   0.266111    0.266113   0.065383 
0.734266   0.265118    0.265120   0.064733 
0.735265   0.264126    0.264128   0.064089 
0.736264   0.263133    0.263135   0.063452 
0.737263   0.262140    0.262143   0.062822 
0.738262   0.261148    0.261150   0.062197 
0.739261   0.260155    0.260157   0.061579 
0.740260   0.259162    0.259164   0.060967 
0.741259   0.258169    0.258171   0.060361 
0.742258   0.257176    0.257178   0.059761 
0.743257   0.256183    0.256185   0.059167 
0.744256   0.255190    0.255192   0.058579 
0.745255   0.254197    0.254199   0.057996 
0.746254   0.253204    0.253206   0.057420 
0.747253   0.252211    0.252213   0.056849 
0.748252   0.251217    0.251219   0.056284 
0.749251   0.250224    0.250226   0.055724 
0.750250   0.249231    0.249233   0.055170 
0.751249   0.248237    0.248239   0.054622 
0.752248   0.247244    0.247246   0.054079 
0.753247   0.246250    0.246252   0.053542 
0.754246   0.245256    0.245258   0.053009 
0.755245   0.244263    0.244265   0.052482 
0.756244   0.243269    0.243271   0.051961 
0.757243   0.242275    0.242277   0.051444 
0.758242   0.241281    0.241283   0.050933 
0.759241   0.240287    0.240289   0.050427 
0.760240   0.239294    0.239296   0.049925 
0.761239   0.238300    0.238302   0.049429 
0.762238   0.237305    0.237307   0.048938 
0.763237   0.236311    0.236313   0.048451 
0.764236   0.235317    0.235319   0.047970 
0.765235   0.234323    0.234325   0.047493 
0.766234   0.233329    0.233331   0.047021 
0.767233   0.232335    0.232337   0.046553 
0.768232   0.231340    0.231342   0.046091 
0.769231   0.230346    0.230348   0.045632 
0.770230   0.229352    0.229353   0.045179 
0.771229   0.228357    0.228359   0.044730 
0.772228   0.227363    0.227364   0.044285 
0.773227   0.226368    0.226370   0.043845 
0.774226   0.225373    0.225375   0.043409 
0.775225   0.224379    0.224381   0.042978 
0.776224   0.223384    0.223386   0.042550 
0.777223   0.222389    0.222391   0.042127 
0.778222   0.221395    0.221396   0.041709 
0.779221   0.220400    0.220402   0.041294 
0.780220   0.219405    0.219407   0.040884 
0.781219   0.218410    0.218412   0.040477 
0.782218   0.217415    0.217417   0.040075 
0.783217   0.216420    0.216422   0.039676 
0.784216   0.215425    0.215427   0.039282 
0.785215   0.214430    0.214432   0.038892 
0.786214   0.213435    0.213437   0.038505 
0.787213   0.212440    0.212442   0.038122 
0.788212   0.211445    0.211447   0.037743 
0.789211   0.210450    0.210451   0.037368 
0.790210   0.209454    0.209456   0.036997 
0.791209   0.208459    0.208461   0.036629 
0.792208   0.207464    0.207466   0.036265 
0.793207   0.206468    0.206470   0.035904 
0.794206   0.205473    0.205475   0.035547 
0.795205   0.204478    0.204479   0.035194 
0.796204   0.203482    0.203484   0.034844 
0.797203   0.202487    0.202488   0.034498 
0.798202   0.201491    0.201493   0.034155 
0.799201   0.200496    0.200497   0.033815 
0.800200   0.199500    0.199502   0.033479 
0.801199   0.198504    0.198506   0.033147 
0.802198   0.197509    0.197510   0.032817 
0.803197   0.196513    0.196515   0.032491 
0.804196   0.195517    0.195519   0.032168 
0.805195   0.194522    0.194523   0.031848 
0.806194   0.193526    0.193527   0.031532 
0.807193   0.192530    0.192532   0.031218 
0.808192   0.191534    0.191536   0.030908 
0.809191   0.190538    0.190540   0.030601 
0.810190   0.189542    0.189544   0.030296 
0.811189   0.188546    0.188548   0.029995 
0.812188   0.187551    0.187552   0.029697 
0.813187   0.186555    0.186556   0.029402 
0.814186   0.185559    0.185560   0.029110 
0.815185   0.184562    0.184564   0.028820 
0.816184   0.183566    0.183568   0.028534 
0.817183   0.182570    0.182572   0.028250 
0.818182   0.181574    0.181576   0.027969 
0.819181   0.180578    0.180579   0.027691 
0.820180   0.179582    0.179583   0.027416 
0.821179   0.178586    0.178587   0.027143 
0.822178   0.177589    0.177591   0.026874 
0.823177   0.176593    0.176594   0.026607 
0.824176   0.175597    0.175598   0.026342 
0.825175   0.174600    0.174602   0.026080 
0.826174   0.173604    0.173605   0.025821 
0.827173   0.172608    0.172609   0.025564 
0.828172   0.171611    0.171613   0.025310 
0.829171   0.170615    0.170616   0.025059 
0.830170   0.169618    0.169620   0.024810 
0.831169   0.168622    0.168623   0.024563 
0.832168   0.167625    0.167627   0.024319 
0.833167   0.166629    0.166630   0.024077 
0.834166   0.165632    0.165634   0.023838 
0.835165   0.164636    0.164637   0.023601 
0.836164   0.163639    0.163640   0.023366 
0.837163   0.162642    0.162644   0.023134 
0.838162   0.161646    0.161647   0.022904 
0.839161   0.160649    0.160650   0.022676 
0.840160   0.159652    0.159654   0.022451 
0.841159   0.158656    0.158657   0.022228 
0.842158   0.157659    0.157660   0.022007 
0.843157   0.156662    0.156664   0.021788 
0.844156   0.155665    0.155667   0.021571 
0.845155   0.154669    0.154670   0.021357 
0.846154   0.153672    0.153673   0.021145 
0.847153   0.152675    0.152676   0.020934 
0.848152   0.151678    0.151679   0.020726 
0.849151   0.150681    0.150682   0.020520 
0.850150   0.149684    0.149686   0.020316 
0.851149   0.148687    0.148689   0.020114 
0.852148   0.147690    0.147692   0.019914 
0.853147   0.146693    0.146695   0.019717 
0.854146   0.145697    0.145698   0.019521 
0.855145   0.144700    0.144701   0.019326 
0.856144   0.143702    0.143704   0.019134 
0.857143   0.142705    0.142707   0.018944 
0.858142   0.141708    0.141710   0.018756 
0.859141   0.140711    0.140712   0.018569 
0.860140   0.139714    0.139715   0.018385 
0.861139   0.138717    0.138718   0.018202 
0.862138   0.137720    0.137721   0.018021 
0.863137   0.136723    0.136724   0.017842 
0.864136   0.135726    0.135727   0.017665 
0.865135   0.134728    0.134730   0.017489 
0.866134   0.133731    0.133732   0.017315 
0.867133   0.132734    0.132735   0.017143 
0.868132   0.131737    0.131738   0.016973 
0.869131   0.130739    0.130741   0.016804 
0.870130   0.129742    0.129743   0.016637 
0.871129   0.128745    0.128746   0.016472 
0.872128   0.127748    0.127749   0.016308 
0.873127   0.126750    0.126751   0.016146 
0.874126   0.125753    0.125754   0.015985 
0.875125   0.124756    0.124757   0.015826 
0.876124   0.123758    0.123759   0.015669 
0.877123   0.122761    0.122762   0.015513 
0.878122   0.121763    0.121764   0.015359 
0.879121   0.120766    0.120767   0.015206 
0.880120   0.119769    0.119770   0.015055 
0.881119   0.118771    0.118772   0.014906 
0.882118   0.117774    0.117775   0.014757 
0.883117   0.116776    0.116777   0.014611 
0.884116   0.115779    0.115780   0.014466 
0.885115   0.114781    0.114782   0.014322 
0.886114   0.113784    0.113785   0.014179 
0.887113   0.112786    0.112787   0.014038 
0.888112   0.111789    0.111789   0.013899 
0.889111   0.110791    0.110792   0.013761 
0.890110   0.109793    0.109794   0.013624 
0.891109   0.108796    0.108797   0.013488 
0.892108   0.107798    0.107799   0.013354 
0.893107   0.106801    0.106801   0.013222 
0.894106   0.105803    0.105804   0.013090 
0.895105   0.104805    0.104806   0.012960 
0.896104   0.103808    0.103808   0.012831 
0.897103   0.102810    0.102811   0.012704 
0.898102   0.101812    0.101813   0.012577 
0.899101   0.100815    0.100815   0.012452 
0.900100   0.099817    0.099818   0.012329 
0.901099   0.098819    0.098820   0.012206 
0.902098   0.097821    0.097822   0.012085 
0.903097   0.096824    0.096824   0.011965 
0.904096   0.095826    0.095827   0.011846 
0.905095   0.094828    0.094829   0.011728 
0.906094   0.093830    0.093831   0.011611 
0.907093   0.092833    0.092833   0.011496 
0.908092   0.091835    0.091836   0.011382 
0.909091   0.090837    0.090838   0.011269 
0.910090   0.089839    0.089840   0.011157 
0.911089   0.088841    0.088842   0.011046 
0.912088   0.087843    0.087844   0.010936 
0.913087   0.086846    0.086846   0.010827 
0.914086   0.085848    0.085848   0.010720 
0.915085   0.084850    0.084851   0.010613 
0.916084   0.083852    0.083853   0.010507 
0.917083   0.082854    0.082855   0.010403 
0.918082   0.081856    0.081857   0.010300 
0.919081   0.080858    0.080859   0.010197 
0.920080   0.079860    0.079861   0.010096 
0.921079   0.078862    0.078863   0.009996 
0.922078   0.077864    0.077865   0.009896 
0.923077   0.076866    0.076867   0.009798 
0.924076   0.075868    0.075869   0.009700 
0.925075   0.074870    0.074871   0.009604 
0.926074   0.073872    0.073873   0.009509 
0.927073   0.072874    0.072875   0.009414 
0.928072   0.071876    0.071877   0.009320 
0.929071   0.070878    0.070879   0.009228 
0.930070   0.069880    0.069881   0.009136 
0.931069   0.068882    0.068883   0.009045 
0.932068   0.067884    0.067885   0.008955 
0.933067   0.066886    0.066887   0.008866 
0.934066   0.065888    0.065889   0.008778 
0.935065   0.064890    0.064891   0.008691 
0.936064   0.063892    0.063893   0.008605 
0.937063   0.062894    0.062894   0.008519 
0.938062   0.061896    0.061896   0.008434 
0.939061   0.060898    0.060898   0.008350 
0.940060   0.059900    0.059900   0.008267 
0.941059   0.058901    0.058902   0.008185 
0.942058   0.057903    0.057904   0.008104 
0.943057   0.056905    0.056906   0.008023 
0.944056   0.055907    0.055907   0.007944 
0.945055   0.054909    0.054909   0.007865 
0.946054   0.053911    0.053911   0.007786 
0.947053   0.052913    0.052913   0.007709 
0.948052   0.051914    0.051915   0.007632 
0.949051   0.050916    0.050917   0.007557 
0.950050   0.049918    0.049918   0.007481 
0.951049   0.048920    0.048920   0.007407 
0.952048   0.047922    0.047922   0.007333 
0.953047   0.046923    0.046924   0.007261 
0.954046   0.045925    0.045925   0.007188 
0.955045   0.044927    0.044927   0.007117 
0.956044   0.043929    0.043929   0.007046 
0.957043   0.042930    0.042931   0.006976 
0.958042   0.041932    0.041932   0.006907 
0.959041   0.040934    0.040934   0.006838 
0.960040   0.039936    0.039936   0.006770 
0.961039   0.038937    0.038938   0.006703 
0.962038   0.037939    0.037939   0.006636 
0.963037   0.036941    0.036941   0.006570 
0.964036   0.035942    0.035943   0.006505 
0.965035   0.034944    0.034944   0.006440 
0.966034   0.033946    0.033946   0.006376 
0.967033   0.032948    0.032948   0.006313 
0.968032   0.031949    0.031949   0.006250 
0.969031   0.030951    0.030951   0.006188 
0.970030   0.029953    0.029953   0.006127 
0.971029   0.028954    0.028954   0.006066 
0.972028   0.027956    0.027956   0.006005 
0.973027   0.026958    0.026958   0.005946 
0.974026   0.025959    0.025959   0.005887 
0.975025   0.024961    0.024961   0.005828 
0.976024   0.023962    0.023963   0.005770 
0.977023   0.022964    0.022964   0.005713 
0.978022   0.021966    0.021966   0.005656 
0.979021   0.020967    0.020967   0.005600 
0.980020   0.019969    0.019969   0.005544 
0.981019   0.018971    0.018971   0.005489 
0.982018   0.017972    0.017972   0.005434 
0.983017   0.016974    0.016974   0.005380 
0.984016   0.015975    0.015975   0.005327 
0.985015   0.014977    0.014977   0.005274 
0.986014   0.013978    0.013979   0.005222 
0.987013   0.012980    0.012980   0.005170 
0.988012   0.011982    0.011982   0.005118 
0.989011   0.010983    0.010983   0.005067 
0.990010   0.009985    0.009985   0.005017 
0.991009   0.008986    0.008986   0.004967 
0.992008   0.007988    0.007988   0.004918 
0.993007   0.006989    0.006989   0.004869 
0.994006   0.005991    0.005991   0.004820 
0.995005   0.004992    0.004992   0.004773 
0.996004   0.003994    0.003994   0.004725 
0.997003   0.002995    0.002995   0.004678 
0.998002   0.001997    0.001997   0.004632 
0.999001   0.000998    0.000998   0.004586 
